 |l|  ResNet-50    Swin-T  SAM3 baseline  SE-SAM3 (Ours)
   0  88.809524 85.000000      82.857143       88.809524
   1  85.476190 87.857143      80.476190       83.571429
   2  82.142857 84.761905      77.857143       85.952381
   3  85.476190 86.904762      78.095238       86.904762
   4  78.095238 79.761905      68.333333       78.333333
   5  75.000000 75.952381      58.095238       85.238095
   6  74.761905 65.714286      49.047619       78.095238
   7  71.428571 60.952381      46.666667       75.238095
   8  64.047619 61.666667      53.571429       80.238095
   9  61.428571 48.333333      43.809524       69.761905
  10  77.619048 86.904762      61.904762       80.000000